,H1,H2,H3,H4,H5,H6,H7,H8,Q1,Q2,Proj1,Proj2,HWavg,total
0,10.0,10.0,10.0,10.0,9.5,9.5,10.0,10.0,93.61904762,81.09756098,96.75,97.0,9.875,94.751538909
1,10.0,10.0,10.0,9.9,9.5,9.0,10.0,10.0,76.0952381,66.46341463,96.5,86.0,9.8,87.7790360045
2,10.0,10.0,9.5,10.0,9.5,10.0,10.0,10.0,86.38095238,85.36585366,95.0,95.0,9.875,93.817973287
3,10.0,10.0,10.0,10.0,10.0,10.0,10.0,9.8,83.07692308,98.93,95.0,94.5,9.975,95.697192308
4,10.0,10.0,10.0,10.0,9.5,9.5,10.0,10.0,91.9047619,95.12195122,94.5,91.0,9.875,94.733768873
5,10.0,10.0,9.8,9.9,9.9,10.0,10.0,10.0,93.05263158,93.01470588,94.8,94.7,9.95,95.74246903999999
6,10.0,10.0,10.0,10.0,10.0,10.0,9.9,10.0,94.23076923,93.6,93.0,93.17,9.9875,95.318076923
7,9.5,10.0,10.0,10.0,9.9,10.0,10.0,10.0,88.84210526,85.29411765,95.0,95.3,9.925,94.2783281735
8,9.5,9.9,10.0,10.0,10.0,9.5,10.0,10.0,87.61904762,85.97560976,94.5,91.0,9.8625,92.89574622600001
9,10.0,10.0,10.0,10.0,10.0,8.5,9.5,10.0,78.0952381,85.97560976,95.0,95.0,9.75,92.705865274
10,10.0,10.0,10.0,10.0,10.0,10.0,9.75,10.0,89.89473684,92.27941176,95.0,95.7,9.96875,95.662635448
11,10.0,10.0,10.0,9.9,10.0,10.0,10.0,10.0,87.89473684,94.11764706,94.0,95.7,9.9875,95.594620743
12,10.0,10.0,10.0,9.8,9.5,9.0,9.0,10.0,89.42857143,86.58536585,95.5,94.0,9.6625,93.5181620205
13,10.0,9.9,9.9,10.0,10.0,10.0,9.8,9.8,86.15384615,60.42,95.13,94.17,9.924999999999999,90.021884615
14,10.0,10.0,9.5,10.0,9.5,9.0,10.0,10.0,77.9047619,78.04878049,96.75,97.0,9.75,92.3477932635
15,10.0,9.9,9.5,10.0,10.0,10.0,10.0,10.0,84.76190476,88.41463415,96.5,96.0,9.925,94.81338559849999
16,10.0,10.0,10.0,10.0,9.9,9.8,10.0,10.0,94.92307692,96.46,95.63,92.5,9.9625,96.099807692
17,10.0,10.0,10.0,9.9,10.0,7.0,8.0,8.0,76.92307692,84.71,98.88,94.0,9.1125,91.01230769200001
18,9.75,10.0,9.5,9.5,9.5,10.0,9.5,10.0,65.78947368,69.85294118,89.0,96.3,9.71875,88.088138545
19,10.0,10.0,9.5,9.9,9.25,9.5,10.0,10.0,68.47619048,68.90243902,96.5,89.0,9.76875,88.039234901
20,10.0,9.9,10.0,8.8,9.5,9.5,10.0,10.0,83.61904762,76.2195122,95.0,95.0,9.7125,91.682331592
21,0.0,0.0,0.0,10.0,9.9,10.0,9.75,10.0,74.10526316,83.82352941,90.0,96.7,6.20625,80.7778057275
22,10.0,9.9,9.5,9.5,9.5,10.0,10.0,10.0,72.76190476,79.26829268,95.5,94.0,9.8,91.166434378
23,10.0,10.0,9.75,10.0,9.5,10.0,9.75,10.0,91.42857143,92.68292683,96.75,97.0,9.875,96.27029616749999
24,10.0,10.0,10.0,10.0,9.9,9.2,10.0,10.0,95.76923077,76.68,98.38,95.17,9.8875,94.209923077
25,10.0,10.0,10.0,10.0,10.0,10.0,9.9,10.0,93.07692308,85.3,95.5,92.67,9.9875,94.332692308
26,10.0,10.0,10.0,10.0,10.0,10.0,10.0,10.0,71.57894737,71.32352941,89.5,91.3,10.0,88.5814241485
27,10.0,10.0,10.0,10.0,9.25,10.0,10.0,10.0,93.80952381,95.12195122,96.5,96.0,9.90625,96.667995064
28,10.0,9.8,9.8,8.0,8.0,8.0,8.0,8.0,56.92307692,72.86,93.25,95.33,8.7,85.203807692
29,10.0,10.0,10.0,10.0,10.0,10.0,10.0,10.0,93.84615385,94.53,99.63,97.5,10.0,97.865115385
30,10.0,10.0,10.0,10.0,10.0,10.0,10.0,10.0,95.76923077,91.15,98.5,93.0,10.0,96.199423077
31,10.0,10.0,9.9,9.95,9.9,10.0,10.0,10.0,90.42105263,91.17647059,90.0,96.3,9.96875,94.69982585150001
32,10.0,10.0,10.0,9.0,9.9,10.0,10.0,10.0,85.38461538,83.92,95.75,91.83,9.8625,92.821461538
33,10.0,9.9,10.0,10.0,10.0,10.0,10.0,10.0,88.84615385,93.08,99.13,92.83,9.9875,95.842615385
34,10.0,9.75,10.0,10.0,10.0,10.0,10.0,10.0,91.05263158,91.91176471,89.5,92.3,9.96875,93.7732778645
35,10.0,10.0,10.0,10.0,10.0,10.0,9.5,10.0,89.52380952,91.46341463,96.75,97.0,9.9375,96.08439314649999
36,10.0,10.0,9.9,10.0,9.9,9.0,9.0,9.0,91.53846154,86.81,99.5,94.0,9.6,94.375346154
37,10.0,10.0,10.0,10.0,9.5,10.0,10.0,10.0,94.76190476,92.68292683,95.5,94.0,9.9375,95.7911295005
38,9.0,10.0,10.0,9.9,9.5,10.0,10.0,10.0,90.0,80.48780488,96.5,86.0,9.8,91.273170732
39,9.75,10.0,10.0,10.0,10.0,10.0,10.0,10.0,87.36842105,89.70588235,93.8,95.3,9.96875,94.6839744575
40,10.0,10.0,10.0,10.0,9.8,10.0,10.0,10.0,81.57894737,94.11764706,90.0,92.3,9.975,93.275541796
41,10.0,10.0,10.0,10.0,10.0,8.9,10.0,10.0,76.92307692,69.45,97.75,93.33,9.8625,90.579807692
42,10.0,10.0,10.0,10.0,10.0,10.0,9.0,10.0,90.42105263,88.97058824,90.5,93.3,9.875,93.437693499
43,9.75,10.0,10.0,10.0,9.5,9.5,10.0,10.0,85.33333333,82.31707317,95.0,95.0,9.84375,93.1621443085
44,9.75,10.0,10.0,10.0,10.0,9.5,10.0,10.0,73.80952381,69.51219512,96.5,89.0,9.90625,89.076531649
45,10.0,10.0,10.0,9.8,9.9,9.0,7.0,8.0,74.23076923,78.79,98.63,93.83,9.212499999999999,90.062576923
46,10.0,9.5,10.0,10.0,10.0,10.0,9.9,10.0,92.69230769,92.41,95.25,93.58,9.925,95.350730769
47,10.0,10.0,10.0,10.0,10.0,10.0,9.9,10.0,91.15384615,89.45,92.13,93.67,9.9875,94.33888461500001
48,10.0,9.5,10.0,10.0,10.0,10.0,10.0,10.0,91.89473684,92.64705882,92.3,93.0,9.9375,94.609032507
49,9.5,10.0,9.5,9.5,9.5,10.0,10.0,10.0,74.94736842,79.41176471,89.5,92.7,9.75,89.7315015485
50,10.0,10.0,9.5,9.5,10.0,8.5,10.0,10.0,53.33333333,48.17073171,95.5,94.0,9.6875,84.2214430895
51,10.0,10.0,10.0,10.0,9.7,10.0,10.0,10.0,64.73684211,76.47058824,90.0,91.3,9.9625,88.656772447
52,10.0,10.0,10.0,9.9,9.5,10.0,10.0,10.0,90.47619048,89.02439024,96.5,96.0,9.925,95.476277584
53,10.0,10.0,10.0,9.8,9.5,9.5,10.0,10.0,81.33333333,76.2195122,96.5,86.0,9.85,89.916260163
54,9.0,10.0,10.0,10.0,10.0,10.0,9.5,10.0,86.21052632,91.91176471,92.0,93.3,9.8125,93.5703173385
55,10.0,10.0,10.0,10.0,10.0,10.0,10.0,10.0,93.38461538,100.0,98.88,94.167,10.0,97.65621153800001
56,10.0,10.0,9.9,10.0,10.0,10.0,10.0,9.0,84.15384615,80.56521739,88.63,90.67,9.8625,90.48116722350001
57,10.0,10.0,10.0,10.0,10.0,10.0,10.0,10.0,94.23076923,91.64,99.63,97.5,10.0,97.47007692300001
58,9.5,10.0,10.0,10.0,10.0,9.5,9.5,10.0,47.14285714,60.36585366,96.5,96.0,9.8125,86.50666376299999
59,10.0,10.0,10.0,10.0,10.0,10.0,10.0,10.0,95.38461538,100.0,89.13,93.67,10.0,95.781961538
60,10.0,9.0,10.0,9.0,9.0,9.0,8.0,7.0,87.69230769,82.96,99.13,92.83,8.875,90.871730769
61,10.0,10.0,10.0,10.0,10.0,9.0,9.0,10.0,95.0,97.74,92.63,94.08,9.75,95.457
62,10.0,10.0,10.0,10.0,10.0,10.0,10.0,10.0,90.52631579,91.17647059,92.3,93.0,10.0,94.43910216750001
63,9.5,9.5,9.9,10.0,9.7,10.0,10.0,10.0,82.10526316,83.82352941,96.0,94.0,9.825,92.9590557275
64,10.0,10.0,10.0,10.0,10.0,10.0,10.0,9.8,90.76923077,84.71,98.63,93.83,9.975,94.89192307699999
65,10.0,10.0,10.0,9.8,10.0,10.0,9.8,9.8,88.30769231,80.06,99.5,93.92,9.924999999999999,93.994769231
66,10.0,10.0,9.75,10.0,10.0,10.0,9.5,10.0,72.85714286,78.65853659,95.5,94.0,9.90625,91.4032447745
67,10.0,10.0,10.0,10.0,10.0,10.0,10.0,10.0,98.07692308,93.08,98.88,92.67,10.0,96.713192308
68,10.0,10.0,10.0,10.0,10.0,10.0,10.0,10.0,99.23076923,99.84,98.88,92.83,10.0,97.882576923
69,9.5,10.0,10.0,10.0,9.9,6.5,10.0,6.0,94.23076923,85.3,87.5,90.33,8.9875,89.263076923
70,10.0,10.0,10.0,10.0,10.0,10.0,9.9,10.0,93.84615385,100.0,92.75,93.0,9.9875,96.147115385
71,10.0,10.0,9.5,9.8,9.0,9.0,9.75,10.0,71.42857143,84.14634146,94.5,91.0,9.63125,90.308558362
72,10.0,9.75,9.8,10.0,9.9,10.0,9.5,10.0,58.42105263,74.26470588,96.5,95.7,9.868749999999999,89.81306114499999
73,10.0,10.0,10.0,9.9,10.0,10.0,10.0,10.0,84.73684211,90.44117647,89.5,92.0,9.9875,92.90236068150001
74,9.5,9.9,10.0,9.95,9.5,9.0,10.0,10.0,80.0,74.3902439,96.5,96.0,9.73125,91.652286585
75,10.0,9.0,10.0,10.0,9.8,10.0,10.0,10.0,88.94736842,87.5,93.8,95.0,9.85,94.079736842
76,10.0,9.5,10.0,10.0,10.0,10.0,10.0,9.8,94.61538462,84.12,92.75,92.83,9.9125,93.57453846199999
77,10.0,10.0,10.0,10.0,10.0,10.0,10.0,10.0,88.84615385,78.79,95.75,92.67,10.0,93.02061538500001
78,10.0,10.0,10.0,10.0,10.0,10.0,10.0,10.0,91.92307692,86.81,96.5,92.83,10.0,94.721307692
79,10.0,10.0,10.0,10.0,9.5,10.0,10.0,10.0,81.80952381,88.41463415,94.5,91.0,9.9375,92.9056475035
80,10.0,10.0,10.0,10.0,9.9,10.0,9.0,10.0,95.0,81.75,92.88,93.33,9.8625,93.25850000000001
81,10.0,10.0,10.0,10.0,10.0,10.0,10.0,10.0,95.38461538,100.0,95.0,93.33,10.0,96.870961538
82,10.0,10.0,10.0,10.0,9.9,10.0,10.0,10.0,92.69230769,90.19,99.63,98.0,9.9875,97.186230769
83,10.0,10.0,9.9,9.7,9.7,10.0,10.0,10.0,65.57894737,75.73529412,91.0,96.3,9.9125,89.930688855
84,10.0,10.0,10.0,9.9,9.8,10.0,9.5,10.0,55.78947368,79.77941176,92.8,95.3,9.9,89.63085913200001
85,10.0,10.0,10.0,10.0,10.0,10.0,10.0,10.0,100.0,83.44,98.38,92.67,10.0,95.35950000000001
86,10.0,10.0,10.0,10.0,9.9,8.0,8.5,10.0,96.07692308,54.5,88.0,88.88,9.55,86.25269230800001
87,9.5,10.0,9.0,10.0,9.5,9.0,10.0,10.0,84.28571429,87.19512195,95.0,95.0,9.625,93.13283972149999
88,10.0,10.0,9.8,9.9,9.9,10.0,10.0,10.0,90.94736842,89.70588235,90.0,92.0,9.95,93.4006191945
89,10.0,10.0,10.0,10.0,10.0,10.0,10.0,9.8,90.76923077,93.6,95.5,92.33,9.975,95.224423077
90,10.0,10.0,10.0,10.0,10.0,10.0,10.0,10.0,91.38461538,90.04,95.75,92.33,10.0,94.876961538
91,10.0,10.0,9.9,10.0,9.9,10.0,10.0,9.8,95.0,92.12,95.75,93.0,9.95,95.568
92,10.0,10.0,10.0,9.9,9.8,10.0,10.0,10.0,79.36842105,87.5,89.5,9.0,9.9625,71.099342105
